demo1 0 -1 1 0 1779765838503
move1
0 0 0 0 0 0 0 0 
0 0 0 0 0 0 0 0 
0 0 0 0 0 0 0 0 
0 0 0 -1 1 0 0 0 
0 0 0 1 -1 0 0 0 
0 0 0 0 0 0 0 0 
0 0 0 0 0 0 0 0 
0 0 0 0 0 0 0 0 
move2
0 0 0 0 0 0 0 0 
0 0 0 0 0 0 0 0 
0 0 0 0 0 0 0 0 
0 0 0 -1 1 0 0 0 
0 0 0 1 1 0 0 0 
0 0 0 0 1 0 0 0 
0 0 0 0 0 0 0 0 
0 0 0 0 0 0 0 0 
move3
0 0 0 0 0 0 0 0 
0 0 0 0 0 0 0 0 
0 0 0 0 0 0 0 0 
0 0 0 -1 -1 -1 0 0 
0 0 0 1 1 0 0 0 
0 0 0 0 1 0 0 0 
0 0 0 0 0 0 0 0 
0 0 0 0 0 0 0 0 
move4
0 0 0 0 0 0 0 0 
0 0 0 0 0 0 0 0 
0 0 0 0 0 0 1 0 
0 0 0 -1 -1 1 0 0 
0 0 0 1 1 0 0 0 
0 0 0 0 1 0 0 0 
0 0 0 0 0 0 0 0 
0 0 0 0 0 0 0 0 
move5
0 0 0 0 0 0 0 0 
0 0 0 0 0 0 0 0 
0 0 0 0 0 0 1 0 
0 0 0 -1 -1 -1 -1 0 
0 0 0 1 1 0 0 0 
0 0 0 0 1 0 0 0 
0 0 0 0 0 0 0 0 
0 0 0 0 0 0 0 0 
move6
0 0 0 0 0 0 0 0 
0 0 0 0 0 0 0 0 
0 0 0 0 0 1 1 0 
0 0 0 -1 1 -1 -1 0 
0 0 0 1 1 0 0 0 
0 0 0 0 1 0 0 0 
0 0 0 0 0 0 0 0 
0 0 0 0 0 0 0 0 
move7
0 0 0 0 0 0 0 0 
0 0 0 0 0 -1 0 0 
0 0 0 0 0 -1 1 0 
0 0 0 -1 1 -1 -1 0 
0 0 0 1 1 0 0 0 
0 0 0 0 1 0 0 0 
0 0 0 0 0 0 0 0 
0 0 0 0 0 0 0 0 
move8
0 0 0 0 0 0 0 0 
0 0 0 0 0 -1 0 0 
0 0 0 0 1 1 1 0 
0 0 0 -1 1 -1 -1 0 
0 0 0 1 1 0 0 0 
0 0 0 0 1 0 0 0 
0 0 0 0 0 0 0 0 
0 0 0 0 0 0 0 0 
move9
0 0 0 0 0 0 0 0 
0 0 0 0 0 -1 -1 0 
0 0 0 0 1 1 -1 0 
0 0 0 -1 1 -1 -1 0 
0 0 0 1 1 0 0 0 
0 0 0 0 1 0 0 0 
0 0 0 0 0 0 0 0 
0 0 0 0 0 0 0 0 
move10
0 0 0 0 0 0 0 0 
0 0 0 0 0 -1 -1 0 
0 0 0 0 1 1 -1 0 
0 0 0 -1 1 1 -1 0 
0 0 0 1 1 0 1 0 
0 0 0 0 1 0 0 0 
0 0 0 0 0 0 0 0 
0 0 0 0 0 0 0 0 
move11
0 0 0 0 0 0 0 0 
0 0 0 0 0 -1 -1 0 
0 0 0 0 1 -1 -1 0 
0 0 0 -1 -1 1 -1 0 
0 0 0 -1 1 0 1 0 
0 0 -1 0 1 0 0 0 
0 0 0 0 0 0 0 0 
0 0 0 0 0 0 0 0 
move12
0 0 0 0 0 0 1 0 
0 0 0 0 0 1 1 0 
0 0 0 0 1 -1 1 0 
0 0 0 -1 -1 1 1 0 
0 0 0 -1 1 0 1 0 
0 0 -1 0 1 0 0 0 
0 0 0 0 0 0 0 0 
0 0 0 0 0 0 0 0 
move13
0 0 0 0 0 -1 1 0 
0 0 0 0 0 -1 1 0 
0 0 0 0 1 -1 1 0 
0 0 0 -1 -1 1 1 0 
0 0 0 -1 1 0 1 0 
0 0 -1 0 1 0 0 0 
0 0 0 0 0 0 0 0 
0 0 0 0 0 0 0 0 
move14
0 0 0 0 1 1 1 0 
0 0 0 0 0 1 1 0 
0 0 0 0 1 -1 1 0 
0 0 0 -1 -1 1 1 0 
0 0 0 -1 1 0 1 0 
0 0 -1 0 1 0 0 0 
0 0 0 0 0 0 0 0 
0 0 0 0 0 0 0 0 
move15
0 0 0 0 1 1 1 0 
0 0 0 0 0 1 1 0 
0 0 0 0 1 -1 1 0 
0 0 0 -1 -1 1 1 0 
0 0 0 -1 -1 0 1 0 
0 0 -1 0 -1 0 0 0 
0 0 0 0 -1 0 0 0 
0 0 0 0 0 0 0 0 
move16
0 0 0 0 1 1 1 0 
0 0 0 0 0 1 1 0 
0 0 0 0 1 -1 1 0 
0 0 1 1 1 1 1 0 
0 0 0 -1 -1 0 1 0 
0 0 -1 0 -1 0 0 0 
0 0 0 0 -1 0 0 0 
0 0 0 0 0 0 0 0 
move17
0 0 0 0 1 1 1 0 
0 0 0 0 0 1 1 0 
0 0 0 0 1 -1 1 0 
0 0 1 1 1 1 -1 0 
0 0 0 -1 -1 0 1 -1 
0 0 -1 0 -1 0 0 0 
0 0 0 0 -1 0 0 0 
0 0 0 0 0 0 0 0 
move18
0 0 0 0 1 1 1 0 
0 0 0 0 0 1 1 0 
0 0 0 0 1 -1 1 0 
0 0 1 1 1 1 -1 0 
0 0 0 -1 1 0 1 -1 
0 0 -1 0 1 0 0 0 
0 0 0 0 1 0 0 0 
0 0 0 0 1 0 0 0 
move19
0 0 0 0 1 1 1 0 
0 0 0 0 0 1 1 0 
0 0 0 -1 -1 -1 1 0 
0 0 1 -1 1 1 -1 0 
0 0 0 -1 1 0 1 -1 
0 0 -1 0 1 0 0 0 
0 0 0 0 1 0 0 0 
0 0 0 0 1 0 0 0 
move20
0 0 0 0 1 1 1 0 
0 0 0 0 0 1 1 0 
0 0 1 1 1 1 1 0 
0 0 1 1 1 1 -1 0 
0 0 0 -1 1 0 1 -1 
0 0 -1 0 1 0 0 0 
0 0 0 0 1 0 0 0 
0 0 0 0 1 0 0 0 
move21
0 0 0 0 1 1 1 0 
0 0 0 -1 0 1 1 0 
0 0 1 -1 1 1 1 0 
0 0 1 -1 1 1 -1 0 
0 0 0 -1 1 0 1 -1 
0 0 -1 0 1 0 0 0 
0 0 0 0 1 0 0 0 
0 0 0 0 1 0 0 0 
move22
0 0 0 0 1 1 1 0 
0 0 0 -1 0 1 1 0 
0 0 1 -1 1 1 1 0 
0 0 1 -1 1 1 1 1 
0 0 0 -1 1 0 1 -1 
0 0 -1 0 1 0 0 0 
0 0 0 0 1 0 0 0 
0 0 0 0 1 0 0 0 
move23
0 0 0 0 1 1 1 0 
0 0 0 -1 -1 1 1 0 
0 0 1 -1 1 -1 1 0 
0 0 1 -1 1 1 -1 1 
0 0 0 -1 1 0 1 -1 
0 0 -1 0 1 0 0 0 
0 0 0 0 1 0 0 0 
0 0 0 0 1 0 0 0 
move24
0 0 1 0 1 1 1 0 
0 0 0 1 -1 1 1 0 
0 0 1 -1 1 -1 1 0 
0 0 1 -1 1 1 -1 1 
0 0 0 -1 1 0 1 -1 
0 0 -1 0 1 0 0 0 
0 0 0 0 1 0 0 0 
0 0 0 0 1 0 0 0 
move25
0 0 1 0 1 1 1 0 
0 0 -1 -1 -1 1 1 0 
0 0 1 -1 1 -1 1 0 
0 0 1 -1 1 1 -1 1 
0 0 0 -1 1 0 1 -1 
0 0 -1 0 1 0 0 0 
0 0 0 0 1 0 0 0 
0 0 0 0 1 0 0 0 
move26
0 0 1 0 1 1 1 0 
0 0 -1 -1 -1 1 1 0 
0 0 1 -1 1 -1 1 0 
0 0 1 1 1 1 -1 1 
0 0 1 1 1 0 1 -1 
0 0 -1 0 1 0 0 0 
0 0 0 0 1 0 0 0 
0 0 0 0 1 0 0 0 
move27
0 0 1 0 1 1 1 0 
0 0 -1 -1 -1 1 1 0 
0 0 1 -1 1 -1 1 0 
0 0 -1 1 1 1 -1 1 
0 -1 1 1 1 0 1 -1 
0 0 -1 0 1 0 0 0 
0 0 0 0 1 0 0 0 
0 0 0 0 1 0 0 0 
move28
0 0 1 1 1 1 1 0 
0 0 -1 1 -1 1 1 0 
0 0 1 1 1 -1 1 0 
0 0 -1 1 1 1 -1 1 
0 -1 1 1 1 0 1 -1 
0 0 -1 0 1 0 0 0 
0 0 0 0 1 0 0 0 
0 0 0 0 1 0 0 0 
move29
0 0 1 1 1 1 1 0 
0 0 -1 1 -1 1 1 0 
0 0 1 -1 1 -1 1 0 
0 0 -1 1 -1 -1 -1 1 
0 -1 -1 -1 -1 -1 -1 -1 
0 0 -1 0 1 0 0 0 
0 0 0 0 1 0 0 0 
0 0 0 0 1 0 0 0 
move30
0 0 1 1 1 1 1 0 
0 1 1 1 -1 1 1 0 
0 0 1 -1 1 -1 1 0 
0 0 -1 1 -1 -1 -1 1 
0 -1 -1 -1 -1 -1 -1 -1 
0 0 -1 0 1 0 0 0 
0 0 0 0 1 0 0 0 
0 0 0 0 1 0 0 0 
move31
0 0 1 1 1 1 1 0 
-1 -1 -1 -1 -1 1 1 0 
0 0 1 -1 1 -1 1 0 
0 0 -1 1 -1 -1 -1 1 
0 -1 -1 -1 -1 -1 -1 -1 
0 0 -1 0 1 0 0 0 
0 0 0 0 1 0 0 0 
0 0 0 0 1 0 0 0 
move32
0 0 1 1 1 1 1 0 
-1 -1 -1 -1 -1 1 1 0 
0 0 1 -1 1 -1 1 0 
0 0 -1 1 -1 -1 -1 1 
0 -1 1 -1 -1 -1 -1 -1 
0 1 -1 0 1 0 0 0 
0 0 0 0 1 0 0 0 
0 0 0 0 1 0 0 0 
move33
0 0 1 1 1 1 1 0 
-1 -1 -1 -1 -1 1 1 0 
0 -1 -1 -1 1 -1 1 0 
0 0 -1 1 -1 -1 -1 1 
0 -1 1 -1 -1 -1 -1 -1 
0 1 -1 0 1 0 0 0 
0 0 0 0 1 0 0 0 
0 0 0 0 1 0 0 0 
move34
0 0 1 1 1 1 1 0 
-1 -1 -1 1 -1 1 1 0 
0 -1 1 -1 1 -1 1 0 
0 1 1 1 -1 -1 -1 1 
0 1 1 -1 -1 -1 -1 -1 
0 1 -1 0 1 0 0 0 
0 0 0 0 1 0 0 0 
0 0 0 0 1 0 0 0 
move35
0 0 1 1 1 1 1 0 
-1 -1 -1 1 -1 1 1 0 
0 -1 1 -1 1 -1 1 0 
0 1 1 1 -1 -1 -1 1 
-1 -1 -1 -1 -1 -1 -1 -1 
0 1 -1 0 1 0 0 0 
0 0 0 0 1 0 0 0 
0 0 0 0 1 0 0 0 
move36
1 0 1 1 1 1 1 0 
-1 1 -1 1 -1 1 1 0 
0 -1 1 -1 1 -1 1 0 
0 1 1 1 -1 -1 -1 1 
-1 -1 -1 -1 -1 -1 -1 -1 
0 1 -1 0 1 0 0 0 
0 0 0 0 1 0 0 0 
0 0 0 0 1 0 0 0 
move37
1 0 1 1 1 1 1 0 
-1 1 -1 1 -1 1 1 0 
0 -1 1 -1 1 -1 1 0 
0 1 1 1 -1 -1 -1 1 
-1 -1 -1 -1 -1 -1 -1 -1 
-1 -1 -1 0 1 0 0 0 
0 0 0 0 1 0 0 0 
0 0 0 0 1 0 0 0 
move38
1 0 1 1 1 1 1 0 
-1 1 -1 1 -1 1 1 0 
0 -1 1 -1 1 -1 1 0 
0 1 1 1 -1 -1 1 1 
-1 -1 -1 -1 -1 -1 1 -1 
-1 -1 -1 0 1 0 1 0 
0 0 0 0 1 0 0 0 
0 0 0 0 1 0 0 0 
move39
1 0 1 1 1 1 1 0 
-1 1 -1 1 -1 1 1 0 
0 -1 1 -1 1 -1 1 0 
-1 -1 -1 -1 -1 -1 1 1 
-1 -1 -1 -1 -1 -1 1 -1 
-1 -1 -1 0 1 0 1 0 
0 0 0 0 1 0 0 0 
0 0 0 0 1 0 0 0 
move40
1 0 1 1 1 1 1 0 
-1 1 -1 1 -1 1 1 0 
0 -1 1 1 1 -1 1 0 
-1 -1 -1 1 -1 1 1 1 
-1 -1 -1 1 1 -1 1 -1 
-1 -1 -1 1 1 0 1 0 
0 0 0 0 1 0 0 0 
0 0 0 0 1 0 0 0 
move41
1 0 1 1 1 1 1 0 
-1 1 -1 1 -1 1 1 0 
0 -1 1 1 1 -1 1 0 
-1 -1 -1 1 -1 1 1 1 
-1 -1 -1 1 1 -1 1 -1 
-1 -1 -1 -1 -1 -1 1 0 
0 0 0 0 1 0 0 0 
0 0 0 0 1 0 0 0 
move42
1 0 1 1 1 1 1 0 
-1 1 -1 1 -1 1 1 0 
0 1 1 1 1 -1 1 0 
-1 1 -1 1 -1 1 1 1 
-1 1 -1 1 1 -1 1 -1 
-1 1 1 -1 -1 -1 1 0 
0 1 0 0 1 0 0 0 
0 0 0 0 1 0 0 0 
move43
1 0 1 1 1 1 1 0 
-1 1 -1 1 -1 1 1 0 
0 1 1 1 1 -1 1 0 
-1 1 -1 1 -1 1 1 1 
-1 1 -1 1 1 -1 1 -1 
-1 -1 1 -1 -1 -1 1 0 
-1 1 0 0 1 0 0 0 
0 0 0 0 1 0 0 0 
move44
1 0 1 1 1 1 1 0 
-1 1 -1 1 -1 1 1 0 
0 1 1 1 1 -1 1 0 
-1 1 -1 1 -1 1 1 1 
-1 1 -1 1 1 1 1 -1 
-1 -1 1 1 1 -1 1 0 
-1 1 0 1 1 0 0 0 
0 0 0 0 1 0 0 0 
move45
1 0 1 1 1 1 1 0 
-1 1 -1 1 -1 1 1 0 
0 1 1 1 1 -1 1 0 
-1 1 -1 1 -1 1 1 1 
-1 1 -1 1 1 1 1 -1 
-1 -1 1 1 1 -1 1 0 
-1 1 0 1 -1 0 0 0 
0 0 0 -1 1 0 0 0 
move46
1 0 1 1 1 1 1 0 
-1 1 -1 1 -1 1 1 0 
0 1 1 1 1 -1 1 0 
-1 1 -1 1 -1 1 1 1 
-1 1 -1 1 1 1 1 -1 
-1 -1 1 1 1 1 1 0 
-1 1 0 1 1 1 0 0 
0 0 0 -1 1 0 0 0 
move47
1 0 1 1 1 1 1 0 
-1 1 -1 1 -1 1 1 0 
0 1 1 1 1 -1 1 0 
-1 1 -1 1 -1 1 1 1 
-1 1 -1 1 1 1 1 -1 
-1 -1 -1 1 1 1 1 0 
-1 -1 -1 1 1 1 0 0 
0 0 0 -1 1 0 0 0 
move48
1 0 1 1 1 1 1 0 
1 1 -1 1 -1 1 1 0 
1 1 1 1 1 -1 1 0 
-1 1 -1 1 -1 1 1 1 
-1 1 -1 1 1 1 1 -1 
-1 -1 -1 1 1 1 1 0 
-1 -1 -1 1 1 1 0 0 
0 0 0 -1 1 0 0 0 
move49
1 0 1 1 1 1 1 0 
1 1 -1 1 -1 1 1 0 
1 1 1 1 1 -1 1 0 
-1 1 -1 1 -1 1 1 1 
-1 1 -1 1 1 1 1 -1 
-1 -1 -1 -1 -1 -1 -1 -1 
-1 -1 -1 1 1 1 0 0 
0 0 0 -1 1 0 0 0 
move50
1 0 1 1 1 1 1 0 
1 1 -1 1 -1 1 1 0 
1 1 1 1 1 -1 1 0 
1 1 -1 1 -1 1 1 1 
1 1 -1 1 1 1 1 -1 
1 -1 1 -1 -1 -1 -1 -1 
1 1 -1 1 1 1 0 0 
1 0 0 -1 1 0 0 0 
move51
1 0 1 1 1 1 1 0 
1 1 -1 1 -1 1 1 0 
1 1 1 1 1 -1 1 0 
1 1 -1 1 -1 1 1 1 
1 1 -1 1 1 1 1 -1 
1 -1 1 -1 -1 -1 -1 -1 
1 1 -1 1 1 -1 0 0 
1 0 0 -1 1 0 -1 0 
move52
1 0 1 1 1 1 1 0 
1 1 -1 1 -1 1 1 0 
1 1 1 1 1 -1 1 0 
1 1 -1 1 -1 1 1 1 
1 1 -1 1 1 1 1 1 
1 -1 1 -1 -1 -1 1 1 
1 1 -1 1 1 -1 0 1 
1 0 0 -1 1 0 -1 0 
move53
1 0 1 1 1 1 1 0 
1 1 -1 1 -1 1 1 0 
1 1 1 1 1 -1 1 0 
1 1 -1 1 -1 1 1 1 
1 1 -1 1 1 1 1 1 
1 -1 1 -1 -1 -1 1 1 
1 -1 -1 1 1 -1 0 1 
1 -1 0 -1 1 0 -1 0 
move54
1 0 1 1 1 1 1 0 
1 1 -1 1 -1 1 1 0 
1 1 1 1 1 -1 1 0 
1 1 -1 1 -1 1 1 1 
1 1 -1 1 1 1 1 1 
1 -1 1 -1 -1 1 1 1 
1 -1 -1 1 1 1 0 1 
1 -1 0 -1 1 1 -1 0 
move55
1 0 1 1 1 1 1 0 
1 1 -1 1 -1 1 1 0 
1 1 1 1 1 -1 -1 -1 
1 1 -1 1 -1 1 -1 1 
1 1 -1 1 1 -1 1 1 
1 -1 1 -1 -1 1 1 1 
1 -1 -1 1 1 1 0 1 
1 -1 0 -1 1 1 -1 0 
move56
1 0 1 1 1 1 1 0 
1 1 -1 1 -1 1 1 0 
1 1 1 1 1 -1 -1 -1 
1 1 -1 1 -1 1 -1 1 
1 1 -1 1 1 -1 1 1 
1 -1 1 -1 -1 1 1 1 
1 1 1 1 1 1 0 1 
1 1 1 1 1 1 -1 0 
move57
1 0 1 1 1 1 1 0 
1 1 -1 1 -1 -1 -1 -1 
1 1 1 1 1 -1 -1 -1 
1 1 -1 1 -1 1 -1 1 
1 1 -1 1 1 -1 1 1 
1 -1 1 -1 -1 1 1 1 
1 1 1 1 1 1 0 1 
1 1 1 1 1 1 -1 0 
move58
1 0 1 1 1 1 1 1 
1 1 -1 1 -1 -1 1 1 
1 1 1 1 1 1 -1 1 
1 1 -1 1 1 1 -1 1 
1 1 -1 1 1 -1 1 1 
1 -1 1 -1 -1 1 1 1 
1 1 1 1 1 1 0 1 
1 1 1 1 1 1 -1 0 
move59
1 -1 1 1 1 1 1 1 
1 -1 -1 1 -1 -1 1 1 
1 -1 1 1 1 1 -1 1 
1 -1 -1 1 1 1 -1 1 
1 -1 -1 1 1 -1 1 1 
1 -1 1 -1 -1 1 1 1 
1 1 1 1 1 1 0 1 
1 1 1 1 1 1 -1 0 
move60
1 -1 1 1 1 1 1 1 
1 -1 -1 1 -1 -1 1 1 
1 -1 1 1 1 1 -1 1 
1 -1 -1 1 1 1 -1 1 
1 -1 -1 1 1 -1 1 1 
1 -1 1 -1 -1 1 1 1 
1 1 1 1 1 1 0 1 
1 1 1 1 1 1 1 1 
move61
1 -1 1 1 1 1 1 1 
1 -1 -1 1 -1 -1 1 1 
1 -1 -1 1 1 1 -1 1 
1 -1 -1 -1 1 1 -1 1 
1 -1 -1 1 -1 -1 -1 1 
1 -1 1 -1 -1 -1 -1 1 
1 1 1 1 1 1 -1 1 
1 1 1 1 1 1 1 1 
