demo2 1 -1 3 0 1779766233556
move1
0 0 0 0 0 0 0 0 
0 0 0 0 0 0 0 0 
0 0 0 0 0 0 0 0 
0 0 0 -1 1 0 0 0 
0 0 0 1 -1 0 0 0 
0 0 0 0 0 0 0 0 
0 0 0 0 0 0 0 0 
0 0 0 0 0 0 0 0 
move2
0 0 0 0 0 0 0 0 
0 0 0 0 0 0 0 0 
0 0 0 0 0 0 0 0 
0 0 0 -1 1 0 0 0 
0 0 0 1 1 1 0 0 
0 0 0 0 0 0 0 0 
0 0 0 0 0 0 0 0 
0 0 0 0 0 0 0 0 
move3
0 0 0 0 0 0 0 0 
0 0 0 0 0 0 0 0 
0 0 0 0 0 0 0 0 
0 0 0 -1 1 0 0 0 
0 0 0 -1 1 1 0 0 
0 0 0 -1 0 0 0 0 
0 0 0 0 0 0 0 0 
0 0 0 0 0 0 0 0 
move4
0 0 0 0 0 0 0 0 
0 0 0 0 0 0 0 0 
0 0 0 0 0 0 0 0 
0 0 0 -1 1 0 0 0 
0 0 0 1 1 1 0 0 
0 0 1 -1 0 0 0 0 
0 0 0 0 0 0 0 0 
0 0 0 0 0 0 0 0 
move5
0 0 0 0 0 0 0 0 
0 0 0 0 0 0 0 0 
0 0 0 0 0 0 0 0 
0 0 0 -1 -1 -1 0 0 
0 0 0 1 -1 1 0 0 
0 0 1 -1 0 0 0 0 
0 0 0 0 0 0 0 0 
0 0 0 0 0 0 0 0 
move6
0 0 0 0 0 0 0 0 
0 0 0 0 0 0 0 0 
0 0 0 1 0 0 0 0 
0 0 0 1 1 -1 0 0 
0 0 0 1 -1 1 0 0 
0 0 1 -1 0 0 0 0 
0 0 0 0 0 0 0 0 
0 0 0 0 0 0 0 0 
move7
0 0 0 0 0 0 0 0 
0 0 0 0 0 0 0 0 
0 0 0 1 0 0 0 0 
0 0 0 1 1 -1 0 0 
0 0 -1 -1 -1 1 0 0 
0 0 1 -1 0 0 0 0 
0 0 0 0 0 0 0 0 
0 0 0 0 0 0 0 0 
move8
0 0 0 0 0 0 0 0 
0 0 0 0 0 0 0 0 
0 0 0 1 0 0 0 0 
0 0 0 1 1 -1 0 0 
0 0 -1 -1 1 1 0 0 
0 0 1 1 1 0 0 0 
0 0 0 0 0 0 0 0 
0 0 0 0 0 0 0 0 
move9
0 0 0 0 0 0 0 0 
0 0 0 0 0 0 0 0 
0 0 0 1 0 0 0 0 
0 0 -1 -1 -1 -1 0 0 
0 0 -1 -1 1 1 0 0 
0 0 1 1 1 0 0 0 
0 0 0 0 0 0 0 0 
0 0 0 0 0 0 0 0 
move10
0 0 0 0 0 0 0 0 
0 0 0 0 0 0 0 0 
0 0 1 1 0 0 0 0 
0 0 1 1 -1 -1 0 0 
0 0 1 -1 1 1 0 0 
0 0 1 1 1 0 0 0 
0 0 0 0 0 0 0 0 
0 0 0 0 0 0 0 0 
move11
0 0 0 0 0 0 0 0 
0 0 0 0 0 0 0 0 
0 0 1 1 0 0 0 0 
0 0 1 1 -1 -1 0 0 
0 0 1 -1 -1 1 0 0 
0 0 1 1 -1 0 0 0 
0 0 0 0 -1 0 0 0 
0 0 0 0 0 0 0 0 
move12
0 0 0 0 0 0 0 0 
0 0 0 0 0 0 0 0 
0 0 1 1 0 1 0 0 
0 0 1 1 1 1 0 0 
0 0 1 1 -1 1 0 0 
0 0 1 1 -1 0 0 0 
0 0 0 0 -1 0 0 0 
0 0 0 0 0 0 0 0 
move13
0 0 0 0 0 0 0 0 
0 0 0 0 0 0 0 0 
0 0 1 1 0 1 0 0 
0 0 1 1 1 1 0 0 
0 0 1 1 -1 1 0 0 
0 -1 -1 -1 -1 0 0 0 
0 0 0 0 -1 0 0 0 
0 0 0 0 0 0 0 0 
move14
0 0 0 0 0 0 0 0 
0 0 0 0 0 0 0 0 
0 0 1 1 0 1 0 0 
0 0 1 1 1 1 0 0 
0 0 1 1 -1 1 0 0 
0 -1 -1 -1 1 0 0 0 
0 0 0 0 -1 1 0 0 
0 0 0 0 0 0 0 0 
move15
0 0 0 0 0 0 0 0 
0 0 0 0 0 0 0 0 
0 0 1 1 0 1 0 0 
0 0 1 1 1 1 0 0 
0 -1 -1 -1 -1 1 0 0 
0 -1 -1 -1 1 0 0 0 
0 0 0 0 -1 1 0 0 
0 0 0 0 0 0 0 0 
move16
0 0 0 0 0 0 0 0 
0 0 0 0 0 0 0 0 
0 0 1 1 0 1 0 0 
0 0 1 1 1 1 0 0 
0 -1 1 -1 1 1 0 0 
0 -1 1 1 1 0 0 0 
0 0 1 0 -1 1 0 0 
0 0 0 0 0 0 0 0 
move17
0 0 0 0 0 0 0 0 
0 0 0 0 0 0 0 0 
0 -1 1 1 0 1 0 0 
0 0 -1 1 1 1 0 0 
0 -1 1 -1 1 1 0 0 
0 -1 1 1 1 0 0 0 
0 0 1 0 -1 1 0 0 
0 0 0 0 0 0 0 0 
move18
0 0 0 0 0 0 0 0 
0 0 0 0 0 0 0 0 
0 -1 1 1 0 1 0 0 
0 0 1 1 1 1 0 0 
0 1 1 -1 1 1 0 0 
1 1 1 1 1 0 0 0 
0 0 1 0 -1 1 0 0 
0 0 0 0 0 0 0 0 
move19
0 0 0 0 0 0 0 0 
0 0 0 0 0 0 0 0 
0 -1 1 1 0 1 0 0 
0 0 1 1 1 1 0 0 
0 1 1 -1 1 1 0 0 
1 1 -1 1 1 0 0 0 
0 -1 1 0 -1 1 0 0 
0 0 0 0 0 0 0 0 
move20
0 0 0 0 0 0 0 0 
0 0 0 0 0 0 0 0 
0 -1 1 1 0 1 0 0 
0 0 1 1 1 1 0 0 
0 1 1 1 1 1 0 0 
1 1 1 1 1 0 0 0 
0 1 1 0 -1 1 0 0 
1 0 0 0 0 0 0 0 
move21
0 0 0 0 0 0 0 0 
0 0 0 0 0 0 0 0 
0 -1 -1 -1 -1 1 0 0 
0 0 1 1 -1 1 0 0 
0 1 1 1 -1 1 0 0 
1 1 1 1 -1 0 0 0 
0 1 1 0 -1 1 0 0 
1 0 0 0 0 0 0 0 
move22
0 0 0 0 0 0 0 0 
0 0 1 0 0 0 0 0 
0 -1 1 1 -1 1 0 0 
0 0 1 1 1 1 0 0 
0 1 1 1 -1 1 0 0 
1 1 1 1 -1 0 0 0 
0 1 1 0 -1 1 0 0 
1 0 0 0 0 0 0 0 
move23
0 0 0 0 0 0 0 0 
0 0 1 0 0 0 0 0 
0 -1 1 1 -1 1 0 0 
0 0 1 1 1 1 0 0 
-1 -1 -1 -1 -1 1 0 0 
1 1 1 1 -1 0 0 0 
0 1 1 0 -1 1 0 0 
1 0 0 0 0 0 0 0 
move24
0 0 0 0 0 0 0 0 
0 0 1 0 0 0 0 0 
0 1 1 1 -1 1 0 0 
1 0 1 1 1 1 0 0 
1 1 -1 -1 -1 1 0 0 
1 1 1 1 -1 0 0 0 
0 1 1 0 -1 1 0 0 
1 0 0 0 0 0 0 0 
move25
0 0 0 0 0 0 0 0 
0 0 1 0 0 0 0 0 
-1 -1 -1 -1 -1 1 0 0 
1 0 1 1 1 1 0 0 
1 1 -1 -1 -1 1 0 0 
1 1 1 1 -1 0 0 0 
0 1 1 0 -1 1 0 0 
1 0 0 0 0 0 0 0 
move26
0 0 0 0 0 0 0 0 
1 0 1 0 0 0 0 0 
1 1 -1 -1 -1 1 0 0 
1 0 1 1 1 1 0 0 
1 1 -1 -1 -1 1 0 0 
1 1 1 1 -1 0 0 0 
0 1 1 0 -1 1 0 0 
1 0 0 0 0 0 0 0 
move27
0 0 0 0 0 0 0 0 
1 0 1 0 0 0 0 0 
1 1 -1 -1 -1 1 0 0 
1 0 1 1 1 1 0 0 
1 1 -1 -1 -1 1 0 0 
1 1 1 -1 -1 0 0 0 
0 1 -1 0 -1 1 0 0 
1 -1 0 0 0 0 0 0 
move28
0 0 0 0 0 0 0 0 
1 0 1 0 0 0 0 0 
1 1 -1 -1 -1 1 0 0 
1 0 1 1 1 1 0 0 
1 1 -1 -1 -1 1 0 0 
1 1 1 -1 -1 0 0 0 
0 1 1 0 -1 1 0 0 
1 1 1 0 0 0 0 0 
move29
0 0 0 0 0 0 0 0 
1 0 1 0 0 0 -1 0 
1 1 -1 -1 -1 -1 0 0 
1 0 1 1 -1 1 0 0 
1 1 -1 -1 -1 1 0 0 
1 1 1 -1 -1 0 0 0 
0 1 1 0 -1 1 0 0 
1 1 1 0 0 0 0 0 
move30
0 0 0 0 0 0 0 0 
1 1 1 0 0 0 -1 0 
1 1 1 -1 -1 -1 0 0 
1 0 1 1 -1 1 0 0 
1 1 -1 -1 -1 1 0 0 
1 1 1 -1 -1 0 0 0 
0 1 1 0 -1 1 0 0 
1 1 1 0 0 0 0 0 
move31
0 0 0 0 0 0 0 0 
1 1 1 0 0 0 -1 0 
1 1 1 -1 -1 -1 0 0 
1 -1 -1 -1 -1 1 0 0 
1 1 -1 -1 -1 1 0 0 
1 1 1 -1 -1 0 0 0 
0 1 1 0 -1 1 0 0 
1 1 1 0 0 0 0 0 
move32
0 0 0 0 0 0 0 0 
1 1 1 0 0 0 -1 0 
1 1 1 -1 -1 -1 0 0 
1 1 -1 -1 -1 1 0 0 
1 1 1 -1 -1 1 0 0 
1 1 1 1 -1 0 0 0 
0 1 1 0 1 1 0 0 
1 1 1 0 0 1 0 0 
move33
0 0 0 0 0 0 0 0 
1 1 1 0 0 0 -1 0 
1 1 1 -1 -1 -1 0 0 
1 1 -1 -1 -1 1 0 0 
1 1 1 -1 -1 1 0 0 
1 1 1 1 -1 0 0 0 
0 1 1 0 -1 1 0 0 
1 1 1 0 -1 1 0 0 
move34
0 0 0 0 0 0 0 0 
1 1 1 0 0 0 -1 0 
1 1 1 -1 -1 -1 0 0 
1 1 -1 -1 -1 1 0 0 
1 1 1 -1 -1 1 0 0 
1 1 1 1 -1 0 0 0 
0 1 1 0 -1 1 0 0 
1 1 1 1 1 1 0 0 
move35
0 0 0 0 0 0 0 0 
1 1 1 0 0 0 -1 0 
1 1 1 -1 -1 -1 0 0 
1 1 -1 -1 -1 1 0 0 
1 1 1 -1 -1 1 0 0 
1 1 1 -1 -1 0 0 0 
0 1 1 -1 -1 1 0 0 
1 1 1 1 1 1 0 0 
move36
0 0 0 0 0 0 0 0 
1 1 1 0 0 0 -1 0 
1 1 1 -1 -1 -1 0 0 
1 1 -1 1 -1 1 0 0 
1 1 1 -1 1 1 0 0 
1 1 1 1 1 1 0 0 
0 1 1 -1 1 1 0 0 
1 1 1 1 1 1 0 0 
move37
0 0 0 0 0 0 0 0 
1 1 1 0 0 0 -1 0 
1 1 1 -1 -1 -1 0 0 
1 1 -1 -1 -1 1 0 0 
1 1 -1 -1 1 1 0 0 
1 -1 1 1 1 1 0 0 
-1 -1 -1 -1 1 1 0 0 
1 1 1 1 1 1 0 0 
move38
0 0 0 0 0 0 0 0 
1 1 1 0 1 0 -1 0 
1 1 1 1 1 -1 0 0 
1 1 1 -1 1 1 0 0 
1 1 -1 -1 1 1 0 0 
1 -1 1 1 1 1 0 0 
-1 -1 -1 -1 1 1 0 0 
1 1 1 1 1 1 0 0 
move39
0 0 0 0 0 0 0 0 
1 1 1 0 1 0 -1 0 
1 1 1 1 1 -1 0 0 
1 1 1 -1 1 1 0 0 
1 1 -1 -1 -1 -1 -1 0 
1 -1 1 1 1 1 0 0 
-1 -1 -1 -1 1 1 0 0 
1 1 1 1 1 1 0 0 
move40
0 0 0 0 0 0 0 1 
1 1 1 0 1 0 1 0 
1 1 1 1 1 1 0 0 
1 1 1 -1 1 1 0 0 
1 1 -1 -1 -1 -1 -1 0 
1 -1 1 1 1 1 0 0 
-1 -1 -1 -1 1 1 0 0 
1 1 1 1 1 1 0 0 
move41
0 0 0 0 0 0 0 1 
1 1 1 0 1 0 1 0 
1 1 1 1 1 1 0 0 
1 1 1 -1 1 1 0 0 
1 1 -1 -1 -1 -1 -1 0 
1 -1 1 1 1 -1 0 0 
-1 -1 -1 -1 -1 -1 -1 0 
1 1 1 1 1 1 0 0 
move42
0 0 0 0 0 0 0 1 
1 1 1 0 1 0 1 0 
1 1 1 1 1 1 0 0 
1 1 1 -1 1 1 0 0 
1 1 1 1 1 1 1 1 
1 -1 1 1 1 -1 0 0 
-1 -1 -1 -1 -1 -1 -1 0 
1 1 1 1 1 1 0 0 
move43
0 0 0 0 0 0 0 1 
1 1 1 0 1 0 1 0 
1 1 1 1 1 1 0 0 
1 1 1 -1 -1 -1 -1 0 
1 1 1 1 1 -1 1 1 
1 -1 1 1 -1 -1 0 0 
-1 -1 -1 -1 -1 -1 -1 0 
1 1 1 1 1 1 0 0 
move44
0 0 0 0 0 0 0 1 
1 1 1 0 1 0 1 0 
1 1 1 1 1 1 0 0 
1 1 1 -1 -1 -1 -1 0 
1 1 1 1 1 -1 1 1 
1 -1 1 1 -1 1 0 0 
-1 -1 -1 -1 -1 -1 1 0 
1 1 1 1 1 1 0 1 
move45
0 0 0 0 0 0 0 1 
1 1 1 -1 1 0 1 0 
1 1 1 -1 -1 1 0 0 
1 1 1 -1 -1 -1 -1 0 
1 1 1 1 1 -1 1 1 
1 -1 1 1 -1 1 0 0 
-1 -1 -1 -1 -1 -1 1 0 
1 1 1 1 1 1 0 1 
move46
0 0 0 0 0 0 0 1 
1 1 1 -1 1 0 1 0 
1 1 1 -1 -1 1 0 0 
1 1 1 1 1 1 1 1 
1 1 1 1 1 -1 1 1 
1 -1 1 1 -1 1 0 0 
-1 -1 -1 -1 -1 -1 1 0 
1 1 1 1 1 1 0 1 
move47
0 0 0 0 0 0 0 1 
1 1 1 -1 -1 -1 1 0 
1 1 1 -1 -1 -1 0 0 
1 1 1 1 1 -1 1 1 
1 1 1 1 1 -1 1 1 
1 -1 1 1 -1 1 0 0 
-1 -1 -1 -1 -1 -1 1 0 
1 1 1 1 1 1 0 1 
move48
0 0 0 0 0 0 0 1 
1 1 1 -1 -1 -1 1 0 
1 1 1 -1 -1 -1 0 0 
1 1 1 1 1 -1 1 1 
1 1 1 1 1 1 1 1 
1 -1 1 1 -1 1 1 0 
-1 -1 -1 -1 -1 1 1 0 
1 1 1 1 1 1 0 1 
move49
0 0 0 0 0 0 0 1 
1 1 1 -1 -1 -1 1 0 
1 1 1 -1 -1 -1 0 -1 
1 1 1 1 1 -1 -1 1 
1 1 1 1 1 -1 1 1 
1 -1 1 1 -1 1 1 0 
-1 -1 -1 -1 -1 1 1 0 
1 1 1 1 1 1 0 1 
move50
0 0 0 0 0 0 0 1 
1 1 1 -1 -1 -1 1 1 
1 1 1 -1 -1 -1 0 1 
1 1 1 1 1 -1 -1 1 
1 1 1 1 1 -1 1 1 
1 -1 1 1 -1 1 1 0 
-1 -1 -1 -1 -1 1 1 0 
1 1 1 1 1 1 0 1 
move51
0 0 -1 0 0 0 0 1 
1 1 -1 -1 -1 -1 1 1 
1 1 -1 -1 -1 -1 0 1 
1 1 -1 1 1 -1 -1 1 
1 1 -1 1 1 -1 1 1 
1 -1 -1 1 -1 1 1 0 
-1 -1 -1 -1 -1 1 1 0 
1 1 1 1 1 1 0 1 
move52
0 0 -1 1 0 0 0 1 
1 1 1 1 1 -1 1 1 
1 1 -1 1 -1 1 0 1 
1 1 -1 1 1 -1 1 1 
1 1 -1 1 1 -1 1 1 
1 -1 -1 1 -1 1 1 0 
-1 -1 -1 -1 -1 1 1 0 
1 1 1 1 1 1 0 1 
move53
-1 0 -1 1 0 0 0 1 
-1 -1 1 1 1 -1 1 1 
-1 1 -1 1 -1 1 0 1 
-1 1 -1 1 1 -1 1 1 
-1 1 -1 1 1 -1 1 1 
-1 -1 -1 1 -1 1 1 0 
-1 -1 -1 -1 -1 1 1 0 
1 1 1 1 1 1 0 1 
move54
-1 1 1 1 0 0 0 1 
-1 1 1 1 1 -1 1 1 
-1 1 -1 1 -1 1 0 1 
-1 1 -1 1 1 -1 1 1 
-1 1 -1 1 1 -1 1 1 
-1 -1 -1 1 -1 1 1 0 
-1 -1 -1 -1 -1 1 1 0 
1 1 1 1 1 1 0 1 
move55
-1 -1 -1 -1 -1 0 0 1 
-1 1 1 -1 -1 -1 1 1 
-1 1 -1 1 -1 1 0 1 
-1 1 -1 1 1 -1 1 1 
-1 1 -1 1 1 -1 1 1 
-1 -1 -1 1 -1 1 1 0 
-1 -1 -1 -1 -1 1 1 0 
1 1 1 1 1 1 0 1 
move56
-1 -1 -1 -1 -1 1 0 1 
-1 1 1 -1 1 1 1 1 
-1 1 -1 1 -1 1 0 1 
-1 1 -1 1 1 -1 1 1 
-1 1 -1 1 1 -1 1 1 
-1 -1 -1 1 -1 1 1 0 
-1 -1 -1 -1 -1 1 1 0 
1 1 1 1 1 1 0 1 
move57
-1 -1 -1 -1 -1 -1 -1 1 
-1 1 1 -1 1 -1 1 1 
-1 1 -1 1 -1 1 0 1 
-1 1 -1 1 1 -1 1 1 
-1 1 -1 1 1 -1 1 1 
-1 -1 -1 1 -1 1 1 0 
-1 -1 -1 -1 -1 1 1 0 
1 1 1 1 1 1 0 1 
move58
-1 -1 -1 -1 -1 -1 -1 1 
-1 1 1 -1 1 -1 1 1 
-1 1 -1 1 -1 1 1 1 
-1 1 -1 1 1 1 1 1 
-1 1 -1 1 1 -1 1 1 
-1 -1 -1 1 -1 1 1 0 
-1 -1 -1 -1 -1 1 1 0 
1 1 1 1 1 1 0 1 
move59
-1 -1 -1 -1 -1 -1 -1 1 
-1 1 1 -1 1 -1 1 1 
-1 1 -1 1 -1 1 1 1 
-1 1 -1 1 1 -1 1 1 
-1 1 -1 1 1 -1 -1 1 
-1 -1 -1 1 -1 -1 -1 -1 
-1 -1 -1 -1 -1 1 1 0 
1 1 1 1 1 1 0 1 
move60
-1 -1 -1 -1 -1 -1 -1 1 
-1 1 1 -1 1 -1 1 1 
-1 1 -1 1 -1 1 1 1 
-1 1 -1 1 1 -1 1 1 
-1 1 -1 1 1 1 -1 1 
-1 -1 -1 1 -1 -1 1 1 
-1 -1 -1 -1 -1 1 1 1 
1 1 1 1 1 1 0 1 
move61
-1 -1 -1 -1 -1 -1 -1 1 
-1 1 1 -1 1 -1 1 1 
-1 1 -1 1 -1 1 1 1 
-1 1 -1 1 1 -1 1 1 
-1 1 -1 1 1 1 -1 1 
-1 -1 -1 1 -1 -1 -1 1 
-1 -1 -1 -1 -1 -1 -1 1 
1 1 1 1 1 1 -1 1 
