demo1 1 1 3 0 1779766243030
move1
0 0 0 0 0 0 0 0 
0 0 0 0 0 0 0 0 
0 0 0 0 0 0 0 0 
0 0 0 -1 1 0 0 0 
0 0 0 1 -1 0 0 0 
0 0 0 0 0 0 0 0 
0 0 0 0 0 0 0 0 
0 0 0 0 0 0 0 0 
move2
0 0 0 0 0 0 0 0 
0 0 0 0 0 0 0 0 
0 0 0 0 0 0 0 0 
0 0 0 -1 1 0 0 0 
0 0 0 1 1 0 0 0 
0 0 0 0 1 0 0 0 
0 0 0 0 0 0 0 0 
0 0 0 0 0 0 0 0 
move3
0 0 0 0 0 0 0 0 
0 0 0 0 0 0 0 0 
0 0 0 0 0 0 0 0 
0 0 0 -1 -1 -1 0 0 
0 0 0 1 1 0 0 0 
0 0 0 0 1 0 0 0 
0 0 0 0 0 0 0 0 
0 0 0 0 0 0 0 0 
move4
0 0 0 0 0 0 0 0 
0 0 0 0 0 0 0 0 
0 0 0 0 1 0 0 0 
0 0 0 -1 1 -1 0 0 
0 0 0 1 1 0 0 0 
0 0 0 0 1 0 0 0 
0 0 0 0 0 0 0 0 
0 0 0 0 0 0 0 0 
move5
0 0 0 0 0 0 0 0 
0 0 0 0 0 -1 0 0 
0 0 0 0 -1 0 0 0 
0 0 0 -1 1 -1 0 0 
0 0 0 1 1 0 0 0 
0 0 0 0 1 0 0 0 
0 0 0 0 0 0 0 0 
0 0 0 0 0 0 0 0 
move6
0 0 0 0 0 0 0 0 
0 0 0 0 1 -1 0 0 
0 0 0 0 1 0 0 0 
0 0 0 -1 1 -1 0 0 
0 0 0 1 1 0 0 0 
0 0 0 0 1 0 0 0 
0 0 0 0 0 0 0 0 
0 0 0 0 0 0 0 0 
move7
0 0 0 0 0 0 0 0 
0 0 0 0 1 -1 0 0 
0 0 0 0 1 0 0 0 
0 0 0 -1 1 -1 0 0 
0 0 0 -1 -1 0 0 0 
0 0 0 -1 1 0 0 0 
0 0 0 0 0 0 0 0 
0 0 0 0 0 0 0 0 
move8
0 0 0 0 0 0 0 0 
0 0 0 0 1 -1 0 0 
0 0 0 0 1 0 0 0 
0 0 0 1 1 -1 0 0 
0 0 1 -1 -1 0 0 0 
0 0 0 -1 1 0 0 0 
0 0 0 0 0 0 0 0 
0 0 0 0 0 0 0 0 
move9
0 0 0 0 0 0 0 0 
0 0 0 0 1 -1 0 0 
0 0 0 0 1 0 0 0 
0 0 -1 -1 -1 -1 0 0 
0 0 1 -1 -1 0 0 0 
0 0 0 -1 1 0 0 0 
0 0 0 0 0 0 0 0 
0 0 0 0 0 0 0 0 
move10
0 0 0 0 0 0 0 0 
0 0 0 0 1 -1 0 0 
0 0 1 0 1 0 0 0 
0 0 1 -1 -1 -1 0 0 
0 0 1 -1 -1 0 0 0 
0 0 0 -1 1 0 0 0 
0 0 0 0 0 0 0 0 
0 0 0 0 0 0 0 0 
move11
0 0 0 0 0 0 0 0 
0 0 0 0 1 -1 0 0 
0 0 1 0 1 0 0 0 
0 0 1 -1 -1 -1 0 0 
0 -1 -1 -1 -1 0 0 0 
0 0 0 -1 1 0 0 0 
0 0 0 0 0 0 0 0 
0 0 0 0 0 0 0 0 
move12
0 0 0 0 0 0 0 0 
0 0 0 0 1 -1 0 0 
0 0 1 0 1 0 0 0 
0 0 1 -1 -1 -1 0 0 
0 1 -1 -1 -1 0 0 0 
1 0 0 -1 1 0 0 0 
0 0 0 0 0 0 0 0 
0 0 0 0 0 0 0 0 
move13
0 0 0 0 0 0 0 0 
0 0 0 0 1 -1 0 0 
0 0 1 0 1 0 0 0 
0 0 1 -1 -1 -1 0 0 
-1 -1 -1 -1 -1 0 0 0 
1 0 0 -1 1 0 0 0 
0 0 0 0 0 0 0 0 
0 0 0 0 0 0 0 0 
move14
0 0 0 0 0 0 0 0 
0 0 0 0 1 -1 0 0 
0 0 1 0 1 0 0 0 
0 0 1 -1 -1 -1 0 0 
-1 -1 1 -1 -1 0 0 0 
1 0 1 1 1 0 0 0 
0 0 0 0 0 0 0 0 
0 0 0 0 0 0 0 0 
move15
0 0 0 0 0 0 0 0 
0 0 0 0 1 -1 0 0 
0 0 1 0 1 0 0 0 
0 0 1 -1 -1 -1 0 0 
-1 -1 1 -1 -1 0 0 0 
1 0 -1 1 1 0 0 0 
0 -1 0 0 0 0 0 0 
0 0 0 0 0 0 0 0 
move16
0 0 0 0 0 0 0 0 
0 0 0 0 1 -1 0 0 
0 0 1 0 1 0 0 0 
0 0 1 -1 -1 1 0 0 
-1 -1 1 -1 -1 0 1 0 
1 0 -1 1 1 0 0 0 
0 -1 0 0 0 0 0 0 
0 0 0 0 0 0 0 0 
move17
0 0 0 0 0 0 0 0 
0 0 0 0 1 -1 0 0 
0 0 1 0 1 0 0 0 
0 0 1 -1 -1 -1 -1 0 
-1 -1 1 -1 -1 0 1 0 
1 0 -1 1 1 0 0 0 
0 -1 0 0 0 0 0 0 
0 0 0 0 0 0 0 0 
move18
0 0 0 0 0 0 0 0 
0 0 0 0 1 -1 0 0 
0 0 1 0 1 0 0 0 
0 0 1 -1 -1 -1 -1 0 
-1 -1 1 1 1 1 1 0 
1 0 -1 1 1 0 0 0 
0 -1 0 0 0 0 0 0 
0 0 0 0 0 0 0 0 
move19
0 0 0 0 0 0 0 0 
0 0 0 0 1 -1 0 0 
0 0 1 0 1 0 0 0 
0 -1 -1 -1 -1 -1 -1 0 
-1 -1 1 1 1 1 1 0 
1 0 -1 1 1 0 0 0 
0 -1 0 0 0 0 0 0 
0 0 0 0 0 0 0 0 
move20
0 0 0 0 0 0 0 0 
0 0 0 0 1 -1 0 0 
1 0 1 0 1 0 0 0 
0 1 -1 -1 -1 -1 -1 0 
-1 -1 1 1 1 1 1 0 
1 0 -1 1 1 0 0 0 
0 -1 0 0 0 0 0 0 
0 0 0 0 0 0 0 0 
move21
0 0 0 0 0 0 0 0 
0 0 0 0 1 -1 0 0 
1 0 1 0 1 0 0 0 
-1 -1 -1 -1 -1 -1 -1 0 
-1 -1 1 1 1 1 1 0 
1 0 -1 1 1 0 0 0 
0 -1 0 0 0 0 0 0 
0 0 0 0 0 0 0 0 
move22
0 0 0 0 0 0 0 0 
0 0 0 0 1 1 1 0 
1 0 1 0 1 0 0 0 
-1 -1 -1 -1 -1 -1 -1 0 
-1 -1 1 1 1 1 1 0 
1 0 -1 1 1 0 0 0 
0 -1 0 0 0 0 0 0 
0 0 0 0 0 0 0 0 
move23
0 0 0 0 0 0 0 0 
0 0 0 0 1 1 1 0 
1 0 1 0 1 0 0 0 
-1 -1 -1 -1 -1 -1 -1 0 
-1 -1 -1 1 1 1 1 0 
1 -1 -1 1 1 0 0 0 
0 -1 0 0 0 0 0 0 
0 0 0 0 0 0 0 0 
move24
0 0 0 0 0 0 0 0 
0 0 0 0 1 1 1 0 
1 0 1 0 1 0 0 0 
-1 -1 1 -1 -1 -1 -1 0 
-1 -1 1 1 1 1 1 0 
1 -1 1 1 1 0 0 0 
0 -1 1 0 0 0 0 0 
0 0 0 0 0 0 0 0 
