shun 1 1 5 0 1779769918391
move1
0 0 0 0 0 0 0 0 
0 0 0 0 0 0 0 0 
0 0 0 0 0 0 0 0 
0 0 0 -1 1 0 0 0 
0 0 0 1 -1 0 0 0 
0 0 0 0 0 0 0 0 
0 0 0 0 0 0 0 0 
0 0 0 0 0 0 0 0 
move2
0 0 0 0 0 0 0 0 
0 0 0 0 0 0 0 0 
0 0 0 0 0 0 0 0 
0 0 0 -1 1 0 0 0 
0 0 0 1 1 0 0 0 
0 0 0 0 1 0 0 0 
0 0 0 0 0 0 0 0 
0 0 0 0 0 0 0 0 
move3
0 0 0 0 0 0 0 0 
0 0 0 0 0 0 0 0 
0 0 0 0 0 0 0 0 
0 0 0 -1 -1 -1 0 0 
0 0 0 1 1 0 0 0 
0 0 0 0 1 0 0 0 
0 0 0 0 0 0 0 0 
0 0 0 0 0 0 0 0 
move4
0 0 0 0 0 0 0 0 
0 0 0 0 0 0 0 0 
0 0 0 0 1 0 0 0 
0 0 0 -1 1 -1 0 0 
0 0 0 1 1 0 0 0 
0 0 0 0 1 0 0 0 
0 0 0 0 0 0 0 0 
0 0 0 0 0 0 0 0 
move5
0 0 0 0 0 0 0 0 
0 0 0 0 0 0 0 0 
0 0 0 0 1 0 0 0 
0 0 0 -1 1 -1 0 0 
0 0 0 -1 -1 0 0 0 
0 0 0 -1 1 0 0 0 
0 0 0 0 0 0 0 0 
0 0 0 0 0 0 0 0 
